6.9526e-310 6.91344e-310 3.44858e-321
6.9526e-310 6.91344e-310 3.44858e-321
6.9526e-310 6.91344e-310 3.44858e-321
6.9526e-310 6.91344e-310 3.44858e-321

6.9526e-310 6.91344e-310 3.44858e-321
6.9526e-310 6.91344e-310 3.44858e-321
6.9526e-310 6.91344e-310 3.44858e-321
6.9526e-310 6.91344e-310 3.44858e-321

6.9526e-310 6.91344e-310 3.44858e-321
6.9526e-310 6.91344e-310 3.44858e-321
6.9526e-310 6.91344e-310 3.44858e-321
6.9526e-310 6.91344e-310 3.44858e-321

6.9526e-310 6.91344e-310 3.44858e-321
6.9526e-310 6.91344e-310 3.44858e-321
6.9526e-310 6.91344e-310 3.44858e-321
6.9526e-310 6.91344e-310 3.44858e-321

6.9526e-310 6.91344e-310 3.44858e-321
6.9526e-310 6.91344e-310 3.44858e-321
6.9526e-310 6.91344e-310 3.44858e-321
6.9526e-310 6.91344e-310 3.44858e-321

6.9526e-310 6.91344e-310 3.44858e-321
6.9526e-310 6.91344e-310 3.44858e-321
6.9526e-310 6.91344e-310 3.44858e-321
6.9526e-310 6.91344e-310 3.44858e-321

